{
 "cells": [
  {
   "cell_type": "code",
   "execution_count": 1,
   "id": "f2be6058-8bd7-4fa4-aafd-3d3a7a177ea6",
   "metadata": {},
   "outputs": [],
   "source": [
    "import pandas as pd\n"
   ]
  },
  {
   "cell_type": "code",
   "execution_count": 2,
   "id": "004e156f-502c-41e9-9f2c-a96f73ba83e5",
   "metadata": {},
   "outputs": [],
   "source": [
    "df=pd.read_csv(\"framingham.csv\")"
   ]
  },
  {
   "cell_type": "code",
   "execution_count": 3,
   "id": "9d59d000-e282-43d5-90ca-e2a0799d8e47",
   "metadata": {},
   "outputs": [
    {
     "data": {
      "text/html": [
       "<div>\n",
       "<style scoped>\n",
       "    .dataframe tbody tr th:only-of-type {\n",
       "        vertical-align: middle;\n",
       "    }\n",
       "\n",
       "    .dataframe tbody tr th {\n",
       "        vertical-align: top;\n",
       "    }\n",
       "\n",
       "    .dataframe thead th {\n",
       "        text-align: right;\n",
       "    }\n",
       "</style>\n",
       "<table border=\"1\" class=\"dataframe\">\n",
       "  <thead>\n",
       "    <tr style=\"text-align: right;\">\n",
       "      <th></th>\n",
       "      <th>male</th>\n",
       "      <th>age</th>\n",
       "      <th>education</th>\n",
       "      <th>currentSmoker</th>\n",
       "      <th>cigsPerDay</th>\n",
       "      <th>BPMeds</th>\n",
       "      <th>prevalentStroke</th>\n",
       "      <th>prevalentHyp</th>\n",
       "      <th>diabetes</th>\n",
       "      <th>totChol</th>\n",
       "      <th>sysBP</th>\n",
       "      <th>diaBP</th>\n",
       "      <th>BMI</th>\n",
       "      <th>heartRate</th>\n",
       "      <th>glucose</th>\n",
       "      <th>TenYearCHD</th>\n",
       "    </tr>\n",
       "  </thead>\n",
       "  <tbody>\n",
       "    <tr>\n",
       "      <th>0</th>\n",
       "      <td>1</td>\n",
       "      <td>39</td>\n",
       "      <td>4.0</td>\n",
       "      <td>0</td>\n",
       "      <td>0.0</td>\n",
       "      <td>0.0</td>\n",
       "      <td>0</td>\n",
       "      <td>0</td>\n",
       "      <td>0</td>\n",
       "      <td>195.0</td>\n",
       "      <td>106.0</td>\n",
       "      <td>70.0</td>\n",
       "      <td>26.97</td>\n",
       "      <td>80.0</td>\n",
       "      <td>77.0</td>\n",
       "      <td>0</td>\n",
       "    </tr>\n",
       "    <tr>\n",
       "      <th>1</th>\n",
       "      <td>0</td>\n",
       "      <td>46</td>\n",
       "      <td>2.0</td>\n",
       "      <td>0</td>\n",
       "      <td>0.0</td>\n",
       "      <td>0.0</td>\n",
       "      <td>0</td>\n",
       "      <td>0</td>\n",
       "      <td>0</td>\n",
       "      <td>250.0</td>\n",
       "      <td>121.0</td>\n",
       "      <td>81.0</td>\n",
       "      <td>28.73</td>\n",
       "      <td>95.0</td>\n",
       "      <td>76.0</td>\n",
       "      <td>0</td>\n",
       "    </tr>\n",
       "    <tr>\n",
       "      <th>2</th>\n",
       "      <td>1</td>\n",
       "      <td>48</td>\n",
       "      <td>1.0</td>\n",
       "      <td>1</td>\n",
       "      <td>20.0</td>\n",
       "      <td>0.0</td>\n",
       "      <td>0</td>\n",
       "      <td>0</td>\n",
       "      <td>0</td>\n",
       "      <td>245.0</td>\n",
       "      <td>127.5</td>\n",
       "      <td>80.0</td>\n",
       "      <td>25.34</td>\n",
       "      <td>75.0</td>\n",
       "      <td>70.0</td>\n",
       "      <td>0</td>\n",
       "    </tr>\n",
       "    <tr>\n",
       "      <th>3</th>\n",
       "      <td>0</td>\n",
       "      <td>61</td>\n",
       "      <td>3.0</td>\n",
       "      <td>1</td>\n",
       "      <td>30.0</td>\n",
       "      <td>0.0</td>\n",
       "      <td>0</td>\n",
       "      <td>1</td>\n",
       "      <td>0</td>\n",
       "      <td>225.0</td>\n",
       "      <td>150.0</td>\n",
       "      <td>95.0</td>\n",
       "      <td>28.58</td>\n",
       "      <td>65.0</td>\n",
       "      <td>103.0</td>\n",
       "      <td>1</td>\n",
       "    </tr>\n",
       "    <tr>\n",
       "      <th>4</th>\n",
       "      <td>0</td>\n",
       "      <td>46</td>\n",
       "      <td>3.0</td>\n",
       "      <td>1</td>\n",
       "      <td>23.0</td>\n",
       "      <td>0.0</td>\n",
       "      <td>0</td>\n",
       "      <td>0</td>\n",
       "      <td>0</td>\n",
       "      <td>285.0</td>\n",
       "      <td>130.0</td>\n",
       "      <td>84.0</td>\n",
       "      <td>23.10</td>\n",
       "      <td>85.0</td>\n",
       "      <td>85.0</td>\n",
       "      <td>0</td>\n",
       "    </tr>\n",
       "  </tbody>\n",
       "</table>\n",
       "</div>"
      ],
      "text/plain": [
       "   male  age  education  currentSmoker  cigsPerDay  BPMeds  prevalentStroke  \\\n",
       "0     1   39        4.0              0         0.0     0.0                0   \n",
       "1     0   46        2.0              0         0.0     0.0                0   \n",
       "2     1   48        1.0              1        20.0     0.0                0   \n",
       "3     0   61        3.0              1        30.0     0.0                0   \n",
       "4     0   46        3.0              1        23.0     0.0                0   \n",
       "\n",
       "   prevalentHyp  diabetes  totChol  sysBP  diaBP    BMI  heartRate  glucose  \\\n",
       "0             0         0    195.0  106.0   70.0  26.97       80.0     77.0   \n",
       "1             0         0    250.0  121.0   81.0  28.73       95.0     76.0   \n",
       "2             0         0    245.0  127.5   80.0  25.34       75.0     70.0   \n",
       "3             1         0    225.0  150.0   95.0  28.58       65.0    103.0   \n",
       "4             0         0    285.0  130.0   84.0  23.10       85.0     85.0   \n",
       "\n",
       "   TenYearCHD  \n",
       "0           0  \n",
       "1           0  \n",
       "2           0  \n",
       "3           1  \n",
       "4           0  "
      ]
     },
     "execution_count": 3,
     "metadata": {},
     "output_type": "execute_result"
    }
   ],
   "source": [
    "df.head()"
   ]
  },
  {
   "cell_type": "code",
   "execution_count": 4,
   "id": "191b3e65-02d4-4fba-b960-da6ae26afa8b",
   "metadata": {},
   "outputs": [
    {
     "data": {
      "text/plain": [
       "(4238, 16)"
      ]
     },
     "execution_count": 4,
     "metadata": {},
     "output_type": "execute_result"
    }
   ],
   "source": [
    "df.shape"
   ]
  },
  {
   "cell_type": "code",
   "execution_count": 5,
   "id": "aa27ca6c-9085-42f9-8c5d-78d42d3aa52b",
   "metadata": {},
   "outputs": [
    {
     "name": "stdout",
     "output_type": "stream",
     "text": [
      "<class 'pandas.core.frame.DataFrame'>\n",
      "RangeIndex: 4238 entries, 0 to 4237\n",
      "Data columns (total 16 columns):\n",
      " #   Column           Non-Null Count  Dtype  \n",
      "---  ------           --------------  -----  \n",
      " 0   male             4238 non-null   int64  \n",
      " 1   age              4238 non-null   int64  \n",
      " 2   education        4133 non-null   float64\n",
      " 3   currentSmoker    4238 non-null   int64  \n",
      " 4   cigsPerDay       4209 non-null   float64\n",
      " 5   BPMeds           4185 non-null   float64\n",
      " 6   prevalentStroke  4238 non-null   int64  \n",
      " 7   prevalentHyp     4238 non-null   int64  \n",
      " 8   diabetes         4238 non-null   int64  \n",
      " 9   totChol          4188 non-null   float64\n",
      " 10  sysBP            4238 non-null   float64\n",
      " 11  diaBP            4238 non-null   float64\n",
      " 12  BMI              4219 non-null   float64\n",
      " 13  heartRate        4237 non-null   float64\n",
      " 14  glucose          3850 non-null   float64\n",
      " 15  TenYearCHD       4238 non-null   int64  \n",
      "dtypes: float64(9), int64(7)\n",
      "memory usage: 529.9 KB\n"
     ]
    }
   ],
   "source": [
    "df.info()"
   ]
  },
  {
   "cell_type": "code",
   "execution_count": 8,
   "id": "c7927a35-6b10-4601-88e6-d473aede1f9d",
   "metadata": {},
   "outputs": [
    {
     "data": {
      "text/plain": [
       "male               0\n",
       "age                0\n",
       "education          0\n",
       "currentSmoker      0\n",
       "cigsPerDay         0\n",
       "BPMeds             0\n",
       "prevalentStroke    0\n",
       "prevalentHyp       0\n",
       "diabetes           0\n",
       "totChol            0\n",
       "sysBP              0\n",
       "diaBP              0\n",
       "BMI                0\n",
       "heartRate          0\n",
       "glucose            0\n",
       "TenYearCHD         0\n",
       "dtype: int64"
      ]
     },
     "execution_count": 8,
     "metadata": {},
     "output_type": "execute_result"
    }
   ],
   "source": [
    "df.isnull().sum()"
   ]
  },
  {
   "cell_type": "code",
   "execution_count": 7,
   "id": "eea73d1d-43c0-47d0-adda-cabfdebf48f5",
   "metadata": {},
   "outputs": [],
   "source": [
    "df.fillna(df.median(), inplace=True)"
   ]
  },
  {
   "cell_type": "code",
   "execution_count": 9,
   "id": "3a898dfa-efbd-40c7-8862-b493810e0e72",
   "metadata": {},
   "outputs": [
    {
     "data": {
      "text/html": [
       "<div>\n",
       "<style scoped>\n",
       "    .dataframe tbody tr th:only-of-type {\n",
       "        vertical-align: middle;\n",
       "    }\n",
       "\n",
       "    .dataframe tbody tr th {\n",
       "        vertical-align: top;\n",
       "    }\n",
       "\n",
       "    .dataframe thead th {\n",
       "        text-align: right;\n",
       "    }\n",
       "</style>\n",
       "<table border=\"1\" class=\"dataframe\">\n",
       "  <thead>\n",
       "    <tr style=\"text-align: right;\">\n",
       "      <th></th>\n",
       "      <th>male</th>\n",
       "      <th>age</th>\n",
       "      <th>education</th>\n",
       "      <th>currentSmoker</th>\n",
       "      <th>cigsPerDay</th>\n",
       "      <th>BPMeds</th>\n",
       "      <th>prevalentStroke</th>\n",
       "      <th>prevalentHyp</th>\n",
       "      <th>diabetes</th>\n",
       "      <th>totChol</th>\n",
       "      <th>sysBP</th>\n",
       "      <th>diaBP</th>\n",
       "      <th>BMI</th>\n",
       "      <th>heartRate</th>\n",
       "      <th>glucose</th>\n",
       "      <th>TenYearCHD</th>\n",
       "    </tr>\n",
       "  </thead>\n",
       "  <tbody>\n",
       "    <tr>\n",
       "      <th>male</th>\n",
       "      <td>1.000000</td>\n",
       "      <td>-0.028979</td>\n",
       "      <td>0.017205</td>\n",
       "      <td>0.197596</td>\n",
       "      <td>0.315630</td>\n",
       "      <td>-0.051545</td>\n",
       "      <td>-0.004546</td>\n",
       "      <td>0.005313</td>\n",
       "      <td>0.015708</td>\n",
       "      <td>-0.069549</td>\n",
       "      <td>-0.035989</td>\n",
       "      <td>0.057933</td>\n",
       "      <td>0.081653</td>\n",
       "      <td>-0.116621</td>\n",
       "      <td>0.010073</td>\n",
       "      <td>0.088428</td>\n",
       "    </tr>\n",
       "    <tr>\n",
       "      <th>age</th>\n",
       "      <td>-0.028979</td>\n",
       "      <td>1.000000</td>\n",
       "      <td>-0.163547</td>\n",
       "      <td>-0.213748</td>\n",
       "      <td>-0.191847</td>\n",
       "      <td>0.120955</td>\n",
       "      <td>0.057655</td>\n",
       "      <td>0.307194</td>\n",
       "      <td>0.101258</td>\n",
       "      <td>0.260105</td>\n",
       "      <td>0.394302</td>\n",
       "      <td>0.206104</td>\n",
       "      <td>0.135174</td>\n",
       "      <td>-0.012848</td>\n",
       "      <td>0.117788</td>\n",
       "      <td>0.225256</td>\n",
       "    </tr>\n",
       "    <tr>\n",
       "      <th>education</th>\n",
       "      <td>0.017205</td>\n",
       "      <td>-0.163547</td>\n",
       "      <td>1.000000</td>\n",
       "      <td>0.018273</td>\n",
       "      <td>0.007618</td>\n",
       "      <td>-0.010365</td>\n",
       "      <td>-0.035150</td>\n",
       "      <td>-0.081021</td>\n",
       "      <td>-0.038136</td>\n",
       "      <td>-0.022364</td>\n",
       "      <td>-0.128273</td>\n",
       "      <td>-0.061719</td>\n",
       "      <td>-0.135501</td>\n",
       "      <td>-0.053683</td>\n",
       "      <td>-0.033982</td>\n",
       "      <td>-0.053383</td>\n",
       "    </tr>\n",
       "    <tr>\n",
       "      <th>currentSmoker</th>\n",
       "      <td>0.197596</td>\n",
       "      <td>-0.213748</td>\n",
       "      <td>0.018273</td>\n",
       "      <td>1.000000</td>\n",
       "      <td>0.760239</td>\n",
       "      <td>-0.048358</td>\n",
       "      <td>-0.032988</td>\n",
       "      <td>-0.103260</td>\n",
       "      <td>-0.044295</td>\n",
       "      <td>-0.046466</td>\n",
       "      <td>-0.130230</td>\n",
       "      <td>-0.107746</td>\n",
       "      <td>-0.167161</td>\n",
       "      <td>0.062330</td>\n",
       "      <td>-0.055177</td>\n",
       "      <td>0.019456</td>\n",
       "    </tr>\n",
       "    <tr>\n",
       "      <th>cigsPerDay</th>\n",
       "      <td>0.315630</td>\n",
       "      <td>-0.191847</td>\n",
       "      <td>0.007618</td>\n",
       "      <td>0.760239</td>\n",
       "      <td>1.000000</td>\n",
       "      <td>-0.044675</td>\n",
       "      <td>-0.032244</td>\n",
       "      <td>-0.065046</td>\n",
       "      <td>-0.036150</td>\n",
       "      <td>-0.026976</td>\n",
       "      <td>-0.088375</td>\n",
       "      <td>-0.056687</td>\n",
       "      <td>-0.092211</td>\n",
       "      <td>0.073853</td>\n",
       "      <td>-0.056863</td>\n",
       "      <td>0.058859</td>\n",
       "    </tr>\n",
       "    <tr>\n",
       "      <th>BPMeds</th>\n",
       "      <td>-0.051545</td>\n",
       "      <td>0.120955</td>\n",
       "      <td>-0.010365</td>\n",
       "      <td>-0.048358</td>\n",
       "      <td>-0.044675</td>\n",
       "      <td>1.000000</td>\n",
       "      <td>0.114609</td>\n",
       "      <td>0.258697</td>\n",
       "      <td>0.051394</td>\n",
       "      <td>0.078578</td>\n",
       "      <td>0.251503</td>\n",
       "      <td>0.192356</td>\n",
       "      <td>0.099584</td>\n",
       "      <td>0.015142</td>\n",
       "      <td>0.049124</td>\n",
       "      <td>0.086417</td>\n",
       "    </tr>\n",
       "    <tr>\n",
       "      <th>prevalentStroke</th>\n",
       "      <td>-0.004546</td>\n",
       "      <td>0.057655</td>\n",
       "      <td>-0.035150</td>\n",
       "      <td>-0.032988</td>\n",
       "      <td>-0.032244</td>\n",
       "      <td>0.114609</td>\n",
       "      <td>1.000000</td>\n",
       "      <td>0.074830</td>\n",
       "      <td>0.006949</td>\n",
       "      <td>0.000123</td>\n",
       "      <td>0.057009</td>\n",
       "      <td>0.045190</td>\n",
       "      <td>0.024265</td>\n",
       "      <td>-0.017674</td>\n",
       "      <td>0.018722</td>\n",
       "      <td>0.061810</td>\n",
       "    </tr>\n",
       "    <tr>\n",
       "      <th>prevalentHyp</th>\n",
       "      <td>0.005313</td>\n",
       "      <td>0.307194</td>\n",
       "      <td>-0.081021</td>\n",
       "      <td>-0.103260</td>\n",
       "      <td>-0.065046</td>\n",
       "      <td>0.258697</td>\n",
       "      <td>0.074830</td>\n",
       "      <td>1.000000</td>\n",
       "      <td>0.077808</td>\n",
       "      <td>0.163054</td>\n",
       "      <td>0.696755</td>\n",
       "      <td>0.615751</td>\n",
       "      <td>0.300510</td>\n",
       "      <td>0.147196</td>\n",
       "      <td>0.083571</td>\n",
       "      <td>0.177603</td>\n",
       "    </tr>\n",
       "    <tr>\n",
       "      <th>diabetes</th>\n",
       "      <td>0.015708</td>\n",
       "      <td>0.101258</td>\n",
       "      <td>-0.038136</td>\n",
       "      <td>-0.044295</td>\n",
       "      <td>-0.036150</td>\n",
       "      <td>0.051394</td>\n",
       "      <td>0.006949</td>\n",
       "      <td>0.077808</td>\n",
       "      <td>1.000000</td>\n",
       "      <td>0.040117</td>\n",
       "      <td>0.111283</td>\n",
       "      <td>0.050329</td>\n",
       "      <td>0.086025</td>\n",
       "      <td>0.048996</td>\n",
       "      <td>0.606493</td>\n",
       "      <td>0.097317</td>\n",
       "    </tr>\n",
       "    <tr>\n",
       "      <th>totChol</th>\n",
       "      <td>-0.069549</td>\n",
       "      <td>0.260105</td>\n",
       "      <td>-0.022364</td>\n",
       "      <td>-0.046466</td>\n",
       "      <td>-0.026976</td>\n",
       "      <td>0.078578</td>\n",
       "      <td>0.000123</td>\n",
       "      <td>0.163054</td>\n",
       "      <td>0.040117</td>\n",
       "      <td>1.000000</td>\n",
       "      <td>0.207522</td>\n",
       "      <td>0.163888</td>\n",
       "      <td>0.114811</td>\n",
       "      <td>0.090537</td>\n",
       "      <td>0.045559</td>\n",
       "      <td>0.081566</td>\n",
       "    </tr>\n",
       "    <tr>\n",
       "      <th>sysBP</th>\n",
       "      <td>-0.035989</td>\n",
       "      <td>0.394302</td>\n",
       "      <td>-0.128273</td>\n",
       "      <td>-0.130230</td>\n",
       "      <td>-0.088375</td>\n",
       "      <td>0.251503</td>\n",
       "      <td>0.057009</td>\n",
       "      <td>0.696755</td>\n",
       "      <td>0.111283</td>\n",
       "      <td>0.207522</td>\n",
       "      <td>1.000000</td>\n",
       "      <td>0.784002</td>\n",
       "      <td>0.325161</td>\n",
       "      <td>0.182143</td>\n",
       "      <td>0.135136</td>\n",
       "      <td>0.216429</td>\n",
       "    </tr>\n",
       "    <tr>\n",
       "      <th>diaBP</th>\n",
       "      <td>0.057933</td>\n",
       "      <td>0.206104</td>\n",
       "      <td>-0.061719</td>\n",
       "      <td>-0.107746</td>\n",
       "      <td>-0.056687</td>\n",
       "      <td>0.192356</td>\n",
       "      <td>0.045190</td>\n",
       "      <td>0.615751</td>\n",
       "      <td>0.050329</td>\n",
       "      <td>0.163888</td>\n",
       "      <td>0.784002</td>\n",
       "      <td>1.000000</td>\n",
       "      <td>0.376623</td>\n",
       "      <td>0.181257</td>\n",
       "      <td>0.059042</td>\n",
       "      <td>0.145299</td>\n",
       "    </tr>\n",
       "    <tr>\n",
       "      <th>BMI</th>\n",
       "      <td>0.081653</td>\n",
       "      <td>0.135174</td>\n",
       "      <td>-0.135501</td>\n",
       "      <td>-0.167161</td>\n",
       "      <td>-0.092211</td>\n",
       "      <td>0.099584</td>\n",
       "      <td>0.024265</td>\n",
       "      <td>0.300510</td>\n",
       "      <td>0.086025</td>\n",
       "      <td>0.114811</td>\n",
       "      <td>0.325161</td>\n",
       "      <td>0.376623</td>\n",
       "      <td>1.000000</td>\n",
       "      <td>0.067520</td>\n",
       "      <td>0.082219</td>\n",
       "      <td>0.074217</td>\n",
       "    </tr>\n",
       "    <tr>\n",
       "      <th>heartRate</th>\n",
       "      <td>-0.116621</td>\n",
       "      <td>-0.012848</td>\n",
       "      <td>-0.053683</td>\n",
       "      <td>0.062330</td>\n",
       "      <td>0.073853</td>\n",
       "      <td>0.015142</td>\n",
       "      <td>-0.017674</td>\n",
       "      <td>0.147196</td>\n",
       "      <td>0.048996</td>\n",
       "      <td>0.090537</td>\n",
       "      <td>0.182143</td>\n",
       "      <td>0.181257</td>\n",
       "      <td>0.067520</td>\n",
       "      <td>1.000000</td>\n",
       "      <td>0.087315</td>\n",
       "      <td>0.022857</td>\n",
       "    </tr>\n",
       "    <tr>\n",
       "      <th>glucose</th>\n",
       "      <td>0.010073</td>\n",
       "      <td>0.117788</td>\n",
       "      <td>-0.033982</td>\n",
       "      <td>-0.055177</td>\n",
       "      <td>-0.056863</td>\n",
       "      <td>0.049124</td>\n",
       "      <td>0.018722</td>\n",
       "      <td>0.083571</td>\n",
       "      <td>0.606493</td>\n",
       "      <td>0.045559</td>\n",
       "      <td>0.135136</td>\n",
       "      <td>0.059042</td>\n",
       "      <td>0.082219</td>\n",
       "      <td>0.087315</td>\n",
       "      <td>1.000000</td>\n",
       "      <td>0.121277</td>\n",
       "    </tr>\n",
       "    <tr>\n",
       "      <th>TenYearCHD</th>\n",
       "      <td>0.088428</td>\n",
       "      <td>0.225256</td>\n",
       "      <td>-0.053383</td>\n",
       "      <td>0.019456</td>\n",
       "      <td>0.058859</td>\n",
       "      <td>0.086417</td>\n",
       "      <td>0.061810</td>\n",
       "      <td>0.177603</td>\n",
       "      <td>0.097317</td>\n",
       "      <td>0.081566</td>\n",
       "      <td>0.216429</td>\n",
       "      <td>0.145299</td>\n",
       "      <td>0.074217</td>\n",
       "      <td>0.022857</td>\n",
       "      <td>0.121277</td>\n",
       "      <td>1.000000</td>\n",
       "    </tr>\n",
       "  </tbody>\n",
       "</table>\n",
       "</div>"
      ],
      "text/plain": [
       "                     male       age  education  currentSmoker  cigsPerDay  \\\n",
       "male             1.000000 -0.028979   0.017205       0.197596    0.315630   \n",
       "age             -0.028979  1.000000  -0.163547      -0.213748   -0.191847   \n",
       "education        0.017205 -0.163547   1.000000       0.018273    0.007618   \n",
       "currentSmoker    0.197596 -0.213748   0.018273       1.000000    0.760239   \n",
       "cigsPerDay       0.315630 -0.191847   0.007618       0.760239    1.000000   \n",
       "BPMeds          -0.051545  0.120955  -0.010365      -0.048358   -0.044675   \n",
       "prevalentStroke -0.004546  0.057655  -0.035150      -0.032988   -0.032244   \n",
       "prevalentHyp     0.005313  0.307194  -0.081021      -0.103260   -0.065046   \n",
       "diabetes         0.015708  0.101258  -0.038136      -0.044295   -0.036150   \n",
       "totChol         -0.069549  0.260105  -0.022364      -0.046466   -0.026976   \n",
       "sysBP           -0.035989  0.394302  -0.128273      -0.130230   -0.088375   \n",
       "diaBP            0.057933  0.206104  -0.061719      -0.107746   -0.056687   \n",
       "BMI              0.081653  0.135174  -0.135501      -0.167161   -0.092211   \n",
       "heartRate       -0.116621 -0.012848  -0.053683       0.062330    0.073853   \n",
       "glucose          0.010073  0.117788  -0.033982      -0.055177   -0.056863   \n",
       "TenYearCHD       0.088428  0.225256  -0.053383       0.019456    0.058859   \n",
       "\n",
       "                   BPMeds  prevalentStroke  prevalentHyp  diabetes   totChol  \\\n",
       "male            -0.051545        -0.004546      0.005313  0.015708 -0.069549   \n",
       "age              0.120955         0.057655      0.307194  0.101258  0.260105   \n",
       "education       -0.010365        -0.035150     -0.081021 -0.038136 -0.022364   \n",
       "currentSmoker   -0.048358        -0.032988     -0.103260 -0.044295 -0.046466   \n",
       "cigsPerDay      -0.044675        -0.032244     -0.065046 -0.036150 -0.026976   \n",
       "BPMeds           1.000000         0.114609      0.258697  0.051394  0.078578   \n",
       "prevalentStroke  0.114609         1.000000      0.074830  0.006949  0.000123   \n",
       "prevalentHyp     0.258697         0.074830      1.000000  0.077808  0.163054   \n",
       "diabetes         0.051394         0.006949      0.077808  1.000000  0.040117   \n",
       "totChol          0.078578         0.000123      0.163054  0.040117  1.000000   \n",
       "sysBP            0.251503         0.057009      0.696755  0.111283  0.207522   \n",
       "diaBP            0.192356         0.045190      0.615751  0.050329  0.163888   \n",
       "BMI              0.099584         0.024265      0.300510  0.086025  0.114811   \n",
       "heartRate        0.015142        -0.017674      0.147196  0.048996  0.090537   \n",
       "glucose          0.049124         0.018722      0.083571  0.606493  0.045559   \n",
       "TenYearCHD       0.086417         0.061810      0.177603  0.097317  0.081566   \n",
       "\n",
       "                    sysBP     diaBP       BMI  heartRate   glucose  TenYearCHD  \n",
       "male            -0.035989  0.057933  0.081653  -0.116621  0.010073    0.088428  \n",
       "age              0.394302  0.206104  0.135174  -0.012848  0.117788    0.225256  \n",
       "education       -0.128273 -0.061719 -0.135501  -0.053683 -0.033982   -0.053383  \n",
       "currentSmoker   -0.130230 -0.107746 -0.167161   0.062330 -0.055177    0.019456  \n",
       "cigsPerDay      -0.088375 -0.056687 -0.092211   0.073853 -0.056863    0.058859  \n",
       "BPMeds           0.251503  0.192356  0.099584   0.015142  0.049124    0.086417  \n",
       "prevalentStroke  0.057009  0.045190  0.024265  -0.017674  0.018722    0.061810  \n",
       "prevalentHyp     0.696755  0.615751  0.300510   0.147196  0.083571    0.177603  \n",
       "diabetes         0.111283  0.050329  0.086025   0.048996  0.606493    0.097317  \n",
       "totChol          0.207522  0.163888  0.114811   0.090537  0.045559    0.081566  \n",
       "sysBP            1.000000  0.784002  0.325161   0.182143  0.135136    0.216429  \n",
       "diaBP            0.784002  1.000000  0.376623   0.181257  0.059042    0.145299  \n",
       "BMI              0.325161  0.376623  1.000000   0.067520  0.082219    0.074217  \n",
       "heartRate        0.182143  0.181257  0.067520   1.000000  0.087315    0.022857  \n",
       "glucose          0.135136  0.059042  0.082219   0.087315  1.000000    0.121277  \n",
       "TenYearCHD       0.216429  0.145299  0.074217   0.022857  0.121277    1.000000  "
      ]
     },
     "execution_count": 9,
     "metadata": {},
     "output_type": "execute_result"
    }
   ],
   "source": [
    "df.corr()"
   ]
  },
  {
   "cell_type": "code",
   "execution_count": 10,
   "id": "be734b98-6e84-4282-bcb3-733e5331322f",
   "metadata": {},
   "outputs": [
    {
     "data": {
      "text/html": [
       "<div>\n",
       "<style scoped>\n",
       "    .dataframe tbody tr th:only-of-type {\n",
       "        vertical-align: middle;\n",
       "    }\n",
       "\n",
       "    .dataframe tbody tr th {\n",
       "        vertical-align: top;\n",
       "    }\n",
       "\n",
       "    .dataframe thead th {\n",
       "        text-align: right;\n",
       "    }\n",
       "</style>\n",
       "<table border=\"1\" class=\"dataframe\">\n",
       "  <thead>\n",
       "    <tr style=\"text-align: right;\">\n",
       "      <th></th>\n",
       "      <th>male</th>\n",
       "      <th>age</th>\n",
       "      <th>education</th>\n",
       "      <th>currentSmoker</th>\n",
       "      <th>cigsPerDay</th>\n",
       "      <th>BPMeds</th>\n",
       "      <th>prevalentStroke</th>\n",
       "      <th>prevalentHyp</th>\n",
       "      <th>diabetes</th>\n",
       "      <th>totChol</th>\n",
       "      <th>sysBP</th>\n",
       "      <th>diaBP</th>\n",
       "      <th>BMI</th>\n",
       "      <th>heartRate</th>\n",
       "      <th>glucose</th>\n",
       "      <th>TenYearCHD</th>\n",
       "    </tr>\n",
       "  </thead>\n",
       "  <tbody>\n",
       "    <tr>\n",
       "      <th>count</th>\n",
       "      <td>4238.000000</td>\n",
       "      <td>4238.000000</td>\n",
       "      <td>4238.000000</td>\n",
       "      <td>4238.000000</td>\n",
       "      <td>4238.000000</td>\n",
       "      <td>4238.000000</td>\n",
       "      <td>4238.000000</td>\n",
       "      <td>4238.000000</td>\n",
       "      <td>4238.000000</td>\n",
       "      <td>4238.000000</td>\n",
       "      <td>4238.000000</td>\n",
       "      <td>4238.000000</td>\n",
       "      <td>4238.000000</td>\n",
       "      <td>4238.000000</td>\n",
       "      <td>4238.000000</td>\n",
       "      <td>4238.000000</td>\n",
       "    </tr>\n",
       "    <tr>\n",
       "      <th>mean</th>\n",
       "      <td>0.429212</td>\n",
       "      <td>49.584946</td>\n",
       "      <td>1.979471</td>\n",
       "      <td>0.494101</td>\n",
       "      <td>8.941482</td>\n",
       "      <td>0.029259</td>\n",
       "      <td>0.005899</td>\n",
       "      <td>0.310524</td>\n",
       "      <td>0.025720</td>\n",
       "      <td>236.689476</td>\n",
       "      <td>132.352407</td>\n",
       "      <td>82.893464</td>\n",
       "      <td>25.800205</td>\n",
       "      <td>75.878716</td>\n",
       "      <td>81.603587</td>\n",
       "      <td>0.151958</td>\n",
       "    </tr>\n",
       "    <tr>\n",
       "      <th>std</th>\n",
       "      <td>0.495022</td>\n",
       "      <td>8.572160</td>\n",
       "      <td>1.007081</td>\n",
       "      <td>0.500024</td>\n",
       "      <td>11.902399</td>\n",
       "      <td>0.168552</td>\n",
       "      <td>0.076587</td>\n",
       "      <td>0.462763</td>\n",
       "      <td>0.158316</td>\n",
       "      <td>44.327427</td>\n",
       "      <td>22.038097</td>\n",
       "      <td>11.910850</td>\n",
       "      <td>4.071041</td>\n",
       "      <td>12.025185</td>\n",
       "      <td>22.865246</td>\n",
       "      <td>0.359023</td>\n",
       "    </tr>\n",
       "    <tr>\n",
       "      <th>min</th>\n",
       "      <td>0.000000</td>\n",
       "      <td>32.000000</td>\n",
       "      <td>1.000000</td>\n",
       "      <td>0.000000</td>\n",
       "      <td>0.000000</td>\n",
       "      <td>0.000000</td>\n",
       "      <td>0.000000</td>\n",
       "      <td>0.000000</td>\n",
       "      <td>0.000000</td>\n",
       "      <td>107.000000</td>\n",
       "      <td>83.500000</td>\n",
       "      <td>48.000000</td>\n",
       "      <td>15.540000</td>\n",
       "      <td>44.000000</td>\n",
       "      <td>40.000000</td>\n",
       "      <td>0.000000</td>\n",
       "    </tr>\n",
       "    <tr>\n",
       "      <th>25%</th>\n",
       "      <td>0.000000</td>\n",
       "      <td>42.000000</td>\n",
       "      <td>1.000000</td>\n",
       "      <td>0.000000</td>\n",
       "      <td>0.000000</td>\n",
       "      <td>0.000000</td>\n",
       "      <td>0.000000</td>\n",
       "      <td>0.000000</td>\n",
       "      <td>0.000000</td>\n",
       "      <td>206.000000</td>\n",
       "      <td>117.000000</td>\n",
       "      <td>75.000000</td>\n",
       "      <td>23.080000</td>\n",
       "      <td>68.000000</td>\n",
       "      <td>72.000000</td>\n",
       "      <td>0.000000</td>\n",
       "    </tr>\n",
       "    <tr>\n",
       "      <th>50%</th>\n",
       "      <td>0.000000</td>\n",
       "      <td>49.000000</td>\n",
       "      <td>2.000000</td>\n",
       "      <td>0.000000</td>\n",
       "      <td>0.000000</td>\n",
       "      <td>0.000000</td>\n",
       "      <td>0.000000</td>\n",
       "      <td>0.000000</td>\n",
       "      <td>0.000000</td>\n",
       "      <td>234.000000</td>\n",
       "      <td>128.000000</td>\n",
       "      <td>82.000000</td>\n",
       "      <td>25.400000</td>\n",
       "      <td>75.000000</td>\n",
       "      <td>78.000000</td>\n",
       "      <td>0.000000</td>\n",
       "    </tr>\n",
       "    <tr>\n",
       "      <th>75%</th>\n",
       "      <td>1.000000</td>\n",
       "      <td>56.000000</td>\n",
       "      <td>3.000000</td>\n",
       "      <td>1.000000</td>\n",
       "      <td>20.000000</td>\n",
       "      <td>0.000000</td>\n",
       "      <td>0.000000</td>\n",
       "      <td>1.000000</td>\n",
       "      <td>0.000000</td>\n",
       "      <td>262.000000</td>\n",
       "      <td>144.000000</td>\n",
       "      <td>89.875000</td>\n",
       "      <td>28.037500</td>\n",
       "      <td>83.000000</td>\n",
       "      <td>85.000000</td>\n",
       "      <td>0.000000</td>\n",
       "    </tr>\n",
       "    <tr>\n",
       "      <th>max</th>\n",
       "      <td>1.000000</td>\n",
       "      <td>70.000000</td>\n",
       "      <td>4.000000</td>\n",
       "      <td>1.000000</td>\n",
       "      <td>70.000000</td>\n",
       "      <td>1.000000</td>\n",
       "      <td>1.000000</td>\n",
       "      <td>1.000000</td>\n",
       "      <td>1.000000</td>\n",
       "      <td>696.000000</td>\n",
       "      <td>295.000000</td>\n",
       "      <td>142.500000</td>\n",
       "      <td>56.800000</td>\n",
       "      <td>143.000000</td>\n",
       "      <td>394.000000</td>\n",
       "      <td>1.000000</td>\n",
       "    </tr>\n",
       "  </tbody>\n",
       "</table>\n",
       "</div>"
      ],
      "text/plain": [
       "              male          age    education  currentSmoker   cigsPerDay  \\\n",
       "count  4238.000000  4238.000000  4238.000000    4238.000000  4238.000000   \n",
       "mean      0.429212    49.584946     1.979471       0.494101     8.941482   \n",
       "std       0.495022     8.572160     1.007081       0.500024    11.902399   \n",
       "min       0.000000    32.000000     1.000000       0.000000     0.000000   \n",
       "25%       0.000000    42.000000     1.000000       0.000000     0.000000   \n",
       "50%       0.000000    49.000000     2.000000       0.000000     0.000000   \n",
       "75%       1.000000    56.000000     3.000000       1.000000    20.000000   \n",
       "max       1.000000    70.000000     4.000000       1.000000    70.000000   \n",
       "\n",
       "            BPMeds  prevalentStroke  prevalentHyp     diabetes      totChol  \\\n",
       "count  4238.000000      4238.000000   4238.000000  4238.000000  4238.000000   \n",
       "mean      0.029259         0.005899      0.310524     0.025720   236.689476   \n",
       "std       0.168552         0.076587      0.462763     0.158316    44.327427   \n",
       "min       0.000000         0.000000      0.000000     0.000000   107.000000   \n",
       "25%       0.000000         0.000000      0.000000     0.000000   206.000000   \n",
       "50%       0.000000         0.000000      0.000000     0.000000   234.000000   \n",
       "75%       0.000000         0.000000      1.000000     0.000000   262.000000   \n",
       "max       1.000000         1.000000      1.000000     1.000000   696.000000   \n",
       "\n",
       "             sysBP        diaBP          BMI    heartRate      glucose  \\\n",
       "count  4238.000000  4238.000000  4238.000000  4238.000000  4238.000000   \n",
       "mean    132.352407    82.893464    25.800205    75.878716    81.603587   \n",
       "std      22.038097    11.910850     4.071041    12.025185    22.865246   \n",
       "min      83.500000    48.000000    15.540000    44.000000    40.000000   \n",
       "25%     117.000000    75.000000    23.080000    68.000000    72.000000   \n",
       "50%     128.000000    82.000000    25.400000    75.000000    78.000000   \n",
       "75%     144.000000    89.875000    28.037500    83.000000    85.000000   \n",
       "max     295.000000   142.500000    56.800000   143.000000   394.000000   \n",
       "\n",
       "        TenYearCHD  \n",
       "count  4238.000000  \n",
       "mean      0.151958  \n",
       "std       0.359023  \n",
       "min       0.000000  \n",
       "25%       0.000000  \n",
       "50%       0.000000  \n",
       "75%       0.000000  \n",
       "max       1.000000  "
      ]
     },
     "execution_count": 10,
     "metadata": {},
     "output_type": "execute_result"
    }
   ],
   "source": [
    "df.describe()"
   ]
  },
  {
   "cell_type": "code",
   "execution_count": 11,
   "id": "22c7e6d9-c6f5-4349-aa73-02c34b47acf0",
   "metadata": {},
   "outputs": [],
   "source": [
    "from sklearn.model_selection import train_test_split\n",
    "from sklearn.preprocessing import StandardScaler\n",
    "X = df.drop('TenYearCHD', axis=1)  \n",
    "y = df['TenYearCHD'] \n",
    "X_train, X_test, y_train, y_test = train_test_split(X, y, test_size=0.2, random_state=42)\n",
    "\n",
    "# Standardize the features\n",
    "scaler = StandardScaler()\n",
    "X_train = scaler.fit_transform(X_train)\n",
    "X_test = scaler.transform(X_test)"
   ]
  },
  {
   "cell_type": "code",
   "execution_count": 12,
   "id": "23a0b0fa-eace-4270-b47d-1696505dc56d",
   "metadata": {},
   "outputs": [
    {
     "data": {
      "text/html": [
       "<style>#sk-container-id-1 {\n",
       "  /* Definition of color scheme common for light and dark mode */\n",
       "  --sklearn-color-text: black;\n",
       "  --sklearn-color-line: gray;\n",
       "  /* Definition of color scheme for unfitted estimators */\n",
       "  --sklearn-color-unfitted-level-0: #fff5e6;\n",
       "  --sklearn-color-unfitted-level-1: #f6e4d2;\n",
       "  --sklearn-color-unfitted-level-2: #ffe0b3;\n",
       "  --sklearn-color-unfitted-level-3: chocolate;\n",
       "  /* Definition of color scheme for fitted estimators */\n",
       "  --sklearn-color-fitted-level-0: #f0f8ff;\n",
       "  --sklearn-color-fitted-level-1: #d4ebff;\n",
       "  --sklearn-color-fitted-level-2: #b3dbfd;\n",
       "  --sklearn-color-fitted-level-3: cornflowerblue;\n",
       "\n",
       "  /* Specific color for light theme */\n",
       "  --sklearn-color-text-on-default-background: var(--sg-text-color, var(--theme-code-foreground, var(--jp-content-font-color1, black)));\n",
       "  --sklearn-color-background: var(--sg-background-color, var(--theme-background, var(--jp-layout-color0, white)));\n",
       "  --sklearn-color-border-box: var(--sg-text-color, var(--theme-code-foreground, var(--jp-content-font-color1, black)));\n",
       "  --sklearn-color-icon: #696969;\n",
       "\n",
       "  @media (prefers-color-scheme: dark) {\n",
       "    /* Redefinition of color scheme for dark theme */\n",
       "    --sklearn-color-text-on-default-background: var(--sg-text-color, var(--theme-code-foreground, var(--jp-content-font-color1, white)));\n",
       "    --sklearn-color-background: var(--sg-background-color, var(--theme-background, var(--jp-layout-color0, #111)));\n",
       "    --sklearn-color-border-box: var(--sg-text-color, var(--theme-code-foreground, var(--jp-content-font-color1, white)));\n",
       "    --sklearn-color-icon: #878787;\n",
       "  }\n",
       "}\n",
       "\n",
       "#sk-container-id-1 {\n",
       "  color: var(--sklearn-color-text);\n",
       "}\n",
       "\n",
       "#sk-container-id-1 pre {\n",
       "  padding: 0;\n",
       "}\n",
       "\n",
       "#sk-container-id-1 input.sk-hidden--visually {\n",
       "  border: 0;\n",
       "  clip: rect(1px 1px 1px 1px);\n",
       "  clip: rect(1px, 1px, 1px, 1px);\n",
       "  height: 1px;\n",
       "  margin: -1px;\n",
       "  overflow: hidden;\n",
       "  padding: 0;\n",
       "  position: absolute;\n",
       "  width: 1px;\n",
       "}\n",
       "\n",
       "#sk-container-id-1 div.sk-dashed-wrapped {\n",
       "  border: 1px dashed var(--sklearn-color-line);\n",
       "  margin: 0 0.4em 0.5em 0.4em;\n",
       "  box-sizing: border-box;\n",
       "  padding-bottom: 0.4em;\n",
       "  background-color: var(--sklearn-color-background);\n",
       "}\n",
       "\n",
       "#sk-container-id-1 div.sk-container {\n",
       "  /* jupyter's `normalize.less` sets `[hidden] { display: none; }`\n",
       "     but bootstrap.min.css set `[hidden] { display: none !important; }`\n",
       "     so we also need the `!important` here to be able to override the\n",
       "     default hidden behavior on the sphinx rendered scikit-learn.org.\n",
       "     See: https://github.com/scikit-learn/scikit-learn/issues/21755 */\n",
       "  display: inline-block !important;\n",
       "  position: relative;\n",
       "}\n",
       "\n",
       "#sk-container-id-1 div.sk-text-repr-fallback {\n",
       "  display: none;\n",
       "}\n",
       "\n",
